4 2 3 1 5 4 6
7 2 3 1 5 4 6
8 2 3 6 1 5 4
13 2 5 3 6 1 4
20 2 1 3 5 4 6
21 2 3 1 5 6 4
36 2 3 5 1 4 6
39 2 5 3 1 4 6
40 2 5 3 4 1 6
57 2 3 4 1 5 6
58 2 5 4 3 6 1
63 2 4 3 6 5 1
72 2 3 4 5 1 6
73 2 6 1 4 3 5
85 2 4 6 3 1 5
97 2 4 3 6 1 5
98 2 3 4 6 1 5
100 2 4 3 6 1 5
134 2 4 1 6 3 5
135 2 5 4 3 6 1
186 2 4 5 6 1 3
202 2 3 4 6 1 5
203 2 3 4 6 1 5
204 2 3 1 4 6 5
2 2 3 4 5 6 11
29 2 1 5 4 6 13
31 2 4 6 1 3 15
43 2 1 5 4 6 13
9 2 6 1 5 13 14
10 2 1 6 5 14 13
11 2 1 6 5 14 13
12 2 1 3 5 14 16
15 2 3 1 5 14 16
17 2 3 5 6 11 14
18 2 3 5 1 16 14
24 2 4 5 1 13 16
25 2 3 4 6 15 11
28 2 5 1 3 14 16
