2 4 5 6 11 12 13
3 2 3 1 15 16 14
4 5 4 6 12 13 11
5 2 1 5 13 14 16
6 2 3 5 14 16 11
7 5 4 6 12 13 11
8 1 5 4 12 13 16
9 6 1 5 13 14 12
10 1 6 5 14 13 12
11 1 6 5 14 13 12
12 1 3 5 14 16 12
13 6 1 4 12 15 13
14 2 1 5 14 16 13
15 3 1 5 14 16 12
16 2 5 1 14 16 13
17 3 5 6 11 14 12
18 3 5 1 16 14 12
19 2 5 1 14 16 13
20 5 4 6 12 11 13
21 5 6 4 12 13 11
22 2 1 5 16 14 13
23 2 5 1 16 14 13
24 4 5 1 13 16 12
25 3 4 6 15 11 12
26 5 2 1 14 16 13
27 2 3 5 14 16 11
28 5 1 3 14 16 12
29 5 4 6 13 12 11
30 2 4 6 11 13 15
31 6 1 3 15 12 14
32 1 2 3 15 16 14
33 3 1 2 14 15 16
34 2 5 1 14 16 13
35 2 1 6 15 13 14
36 1 4 6 12 13 15
37 3 2 6 15 14 11
38 2 6 1 14 15 13
39 1 4 6 12 15 13
40 4 1 6 12 15 13
41 3 2 1 15 16 14
42 2 1 6 13 15 14
43 5 4 6 13 12 11
44 2 5 1 14 16 13
7203448 1 7203384 -1 -2 -2056700875 1993198784
