5 6 2 1 5 13 14
8 6 1 5 4 12 13
33 6 3 1 2 14 15
18 6 4 2 3 5 1
22 6 4 3 2 1 5
23 6 4 3 2 5 1
46 6 5 4 3 2 1
48 6 5 3 1 4 2
50 6 4 3 2 5 1
65 6 3 2 1 4 5
71 6 4 3 2 5 1
76 6 4 3 5 2 1
78 6 5 4 2 1 3
84 6 4 2 5 3 1
89 6 2 4 1 3 5
108 6 3 4 2 5 1
111 6 4 2 5 3 1
118 6 4 2 3 1 5
120 6 3 5 4 2 1
124 6 4 2 1 3 5
125 6 4 2 1 3 5
132 6 4 2 3 5 1
139 6 2 1 4 5 3
146 6 2 4 1 3 5
157 6 4 3 2 5 1
167 6 4 3 5 1 2
172 6 5 2 4 3 1
175 6 4 5 1 3 2
177 6 4 3 2 5 1
183 6 3 4 2 5 1
197 6 4 3 1 5 2
200 6 2 4 1 5 3
3 6 4 2 3 1 15
6 6 1 2 3 5 14
12 6 2 1 3 5 14
14 6 3 2 1 5 14
15 6 2 3 1 5 14
16 6 3 2 5 1 14
19 6 3 2 5 1 14
24 6 2 4 5 1 13
26 6 3 5 2 1 14
27 6 1 2 3 5 14
28 6 2 5 1 3 14
32 6 4 1 2 3 15
34 6 3 2 5 1 14
41 6 4 3 2 1 15
44 6 3 2 5 1 14
