2 4 5 6 117 117 117
4 5 4 6 117 117 117
5 2 1 5 117 117 117
6 2 3 5 117 117 117
7 5 4 6 117 117 117
8 1 5 4 117 117 117
9 6 1 5 117 117 117
10 1 6 5 117 117 117
11 1 6 5 117 117 117
12 1 3 5 117 117 117
13 6 4 1 117 117 117
14 2 1 5 117 117 117
15 3 1 5 117 117 117
16 2 5 1 117 117 117
17 3 5 6 117 117 117
18 3 5 1 117 117 117
19 2 5 1 117 117 117
20 5 4 6 117 117 117
21 5 6 4 117 117 117
22 2 1 5 117 117 117
23 2 5 1 117 117 117
24 4 5 1 117 117 117
25 3 4 6 117 117 117
26 5 2 1 117 117 117
27 2 3 5 117 117 117
28 5 1 3 117 117 117
29 5 4 6 117 117 117
30 2 4 6 117 117 117
33 3 1 2 117 117 117
34 2 5 1 117 117 117
36 1 4 6 117 117 117
37 3 2 6 117 117 117
38 2 6 1 117 117 117
39 1 4 6 117 117 117
40 4 1 6 117 117 117
43 5 4 6 117 117 117
44 2 5 1 117 117 117
45 6 5 1 117 117 117
47 6 5 3 117 117 117
51 5 1 6 117 117 117
53 5 1 3 117 117 117
54 6 2 5 117 117 117
55 6 1 5 117 117 117
56 3 5 6 117 117 117
59 5 3 1 117 117 117
60 1 3 2 117 117 117
62 3 4 6 117 117 117
64 5 1 6 117 117 117
65 1 4 5 117 117 117
66 4 2 3 117 117 117
68 5 1 2 117 117 117
70 5 4 6 117 117 117
73 4 3 5 117 117 117
75 6 1 3 117 117 117
81 2 3 1 117 117 117
83 6 1 5 117 117 117
85 3 1 5 117 117 117
86 4 6 5 117 117 117
87 1 6 5 117 117 117
88 2 5 1 117 117 117
90 2 3 5 117 117 117
91 2 3 5 117 117 117
93 5 6 4 117 117 117
94 5 4 6 117 117 117
95 5 1 6 117 117 117
99 2 1 5 117 117 117
101 2 1 5 117 117 117
102 1 6 5 117 117 117
103 3 4 6 117 117 117
104 4 1 6 117 117 117
105 4 5 1 117 117 117
106 1 3 5 117 117 117
110 2 1 5 117 117 117
111 5 3 1 117 117 117
112 2 1 3 117 117 117
114 6 4 5 117 117 117
116 6 1 3 117 117 117
118 3 1 5 117 117 117
119 2 1 5 117 117 117
120 4 2 1 117 117 117
121 1 6 3 117 117 117
122 1 3 5 117 117 117
123 3 1 5 117 117 117
124 1 3 5 117 117 117
125 1 3 5 117 117 117
126 3 5 1 117 117 117
128 4 5 1 117 117 117
130 4 1 5 117 117 117
132 3 5 1 117 117 117
134 6 3 5 117 117 117
139 4 5 3 117 117 117
143 4 6 1 117 117 117
145 1 3 5 117 117 117
147 5 1 3 117 117 117
149 5 2 6 117 117 117
153 5 1 2 117 117 117
154 3 2 1 117 117 117
156 5 2 6 117 117 117
158 6 5 2 117 117 117
187 2 1 3 117 117 117
189 6 5 3 117 117 117
193 2 4 6 117 117 117
204 4 6 5 117 117 117
162 2 6 117 117 117 117
164 2 5 117 117 117 117
165 2 6 117 117 117 117
166 1 2 117 117 117 117
167 1 2 117 117 117 117
169 2 6 117 117 117 117
171 2 6 117 117 117 117
175 3 2 117 117 117 117
179 3 2 117 117 117 117
182 1 2 117 117 117 117
194 5 2 117 117 117 117
197 5 2 117 117 117 117
32 2 3 117 117 117 117
48 4 2 117 117 117 117
49 5 6 117 117 117 117
52 1 2 117 117 117 117
57 5 6 117 117 117 117
72 1 6 117 117 117 117
76 2 1 117 117 117 117
89 3 5 117 117 117 117
92 2 1 117 117 117 117
113 5 6 117 117 117 117
133 5 2 117 117 117 117
138 6 1 117 117 117 117
140 2 5 117 117 117 117
141 1 6 117 117 117 117
142 1 6 117 117 117 117
146 3 5 117 117 117 117
155 2 1 117 117 117 117
159 2 1 117 117 117 117
160 6 1 117 117 117 117
161 6 1 117 117 117 117
173 6 4 117 117 117 117
174 3 2 117 117 117 117
176 2 1 117 117 117 117
188 3 5 117 117 117 117
196 5 2 117 117 117 117
199 1 3 117 117 117 117
200 5 3 117 117 117 117
163 5 117 117 117 117 117
168 5 117 117 117 117 117
170 5 117 117 117 117 117
177 1 117 117 117 117 117
181 3 117 117 117 117 117
186 3 117 117 117 117 117
 3 3 1 117 117 117 117  31 1 3 117 117 117 117  35 1 6 117 117 117 117  41 2 1 117 117 117 117  42 1 6 117 117 117 117  46 2 1 117 117 117 117  50 5 1 117 117 117 117  58 6 1 117 117 117 117  61 1 5 117 117 117 117  63 5 1 117 117 117 117  67 5 1 117 117 117 117  69 6 5 117 117 117 117  71 5 1 117 117 117 117  74 6 5 117 117 117 117  77 6 2 117 117 117 117  78 1 3 117 117 117 117  79 6 5 117 117 117 117  80 1 5 117 117 117 117  82 5 1 117 117 117 117  84 5 1 117 117 117 117  96 1 5 117 117 117 117  97 1 5 117 117 117 117  98 1 5 117 117 117 117  100 1 5 117 117 117 117  107 1 5 117 117 117 117  108 5 1 117 117 117 117  109 1 5 117 117 117 117  115 5 1 117 117 117 117  117 5 6 117 117 117 117  127 5 1 117 117 117 117  129 2 1 117 117 117 117  131 6 5 117 117 117 117  135 6 1 117 117 117 117  136 1 5 117 117 117 117  137 1 5 117 117 117 117  144 6 5 117 117 117 117  148 5 1 117 117 117 117  150 1 5 117 117 117 117  151 1 5 117 117 117 117  152 1 5 117 117 117 117  157 5 1 117 117 117 117  172 3 1 117 117 117 117  178 4 1 117 117 117 117  180 3 2 117 117 117 117  183 5 1 117 117 117 117  184 3 2 117 117 117 117  185 4 6 117 117 117 117  190 5 1 117 117 117 117  192 3 2 117 117 117 117  195 1 2 117 117 117 117  198 1 2 117 117 117 117  201 5 3 117 117 117 117  202 1 5 117 117 117 117  203 1 5 117 117 117 117  205 5 1 117 117 117 117  191 5 117 117 117 117 117 