30 5 2 4 6 117 117
36 5 1 4 6 117 117
60 5 1 3 2 117 117
75 5 6 1 3 117 117
120 5 4 1 2 117 117
143 5 4 6 1 117 117
154 5 3 2 1 117 117
187 5 2 1 3 117 117
193 5 2 4 6 117 117
162 5 2 6 117 117 117
165 5 2 6 117 117 117
166 5 1 2 117 117 117
167 5 1 2 117 117 117
169 5 2 6 117 117 117
171 5 2 6 117 117 117
182 5 1 2 117 117 117
52 5 1 2 117 117 117
72 5 1 6 117 117 117
76 5 2 1 117 117 117
92 5 2 1 117 117 117
138 5 6 1 117 117 117
155 5 2 1 117 117 117
159 5 2 1 117 117 117
160 5 6 1 117 117 117
161 5 6 1 117 117 117
173 5 6 4 117 117 117
176 5 2 1 117 117 117
199 5 1 3 117 117 117
177 5 1 117 117 117 117
181 5 3 117 117 117 117
50 1 117 117 117 117 5
63 1 117 117 117 117 5
67 1 117 117 117 117 5
69 117 117 117 117 117 5
71 1 117 117 117 117 5
74 117 117 117 117 117 5
79 117 117 117 117 117 5
82 1 117 117 117 117 5
115 1 117 117 117 117 5
117 6 117 117 117 117 5
127 1 117 117 117 117 5
131 117 117 117 117 117 5
144 117 117 117 117 117 5
148 1 117 117 117 117 5
150 117 117 117 117 117 5
151 117 117 117 117 117 5
152 117 117 117 117 117 5
157 1 117 117 117 117 5
183 1 117 117 117 117 5
190 1 117 117 117 117 5
201 3 117 117 117 117 5
202 117 117 117 117 117 5
203 117 117 117 117 117 5
205 1 117 117 117 117 5
191 117 117 117 117 117 5
3 5 6 4 2 3 1
25 5 1 2 3 4 6
31 5 2 4 6 1 3
32 5 6 4 1 2 3
35 5 3 4 2 1 6
37 5 4 1 3 2 6
41 5 6 4 3 2 1
62 5 1 2 3 4 6
66 5 6 1 4 2 3
81 5 4 6 2 3 1
103 5 1 2 3 4 6
112 5 4 6 2 1 3
121 5 4 2 1 6 3
174 5 6 4 1 3 2
178 5 2 3 6 4 1
179 5 4 6 1 3 2
184 5 1 6 4 3 2
192 5 1 6 4 3 2
13 5 3 6 1 4 117
33 5 6 3 1 2 117
38 5 3 2 6 1 117
39 5 3 1 4 6 117
40 5 3 4 1 6 117
42 5 4 2 1 6 117
46 5 4 3 2 1 117
48 5 3 1 4 2 117
58 5 4 3 6 1 117
77 5 3 4 6 2 117
78 5 4 2 1 3 117
104 5 2 4 1 6 117
116 5 2 6 1 3 117
129 5 3 6 2 1 117
135 5 4 3 6 1 117
172 5 2 4 3 1 117
180 5 4 6 3 2 117
185 5 3 2 4 6 117
195 5 3 6 1 2 117
198 5 6 3 1 2 117
175 5 1 3 2 117 117
186 5 6 1 3 117 117
