2 3 4 5 6 117 117
13 3 6 4 1 117 117
14 3 2 1 5 117 117
16 3 2 5 1 117 117
19 3 2 5 1 117 117
20 3 5 4 6 117 117
22 3 2 1 5 117 117
23 3 2 5 1 117 117
26 3 5 2 1 117 117
34 3 2 5 1 117 117
38 3 2 6 1 117 117
39 3 1 4 6 117 117
40 3 4 1 6 117 117
44 3 2 5 1 117 117
45 3 6 5 1 117 117
5 3 4 6 2 1 5
9 3 4 2 6 1 5
24 3 6 2 4 5 1
29 3 2 1 5 4 6
42 3 5 4 2 1 6
43 3 2 1 5 4 6
49 3 2 4 1 5 6
61 3 2 4 6 1 5
64 3 4 2 5 1 6
67 3 6 4 2 5 1
69 3 1 4 2 6 5
70 3 1 2 5 4 6
74 3 1 4 2 6 5
80 3 2 4 6 1 5
86 3 2 1 4 6 5
87 3 4 2 1 6 5
88 3 4 6 2 5 1
93 3 1 2 5 6 4
94 3 2 1 5 4 6
95 3 4 2 5 1 6
104 3 5 2 4 1 6
105 3 6 2 4 5 1
109 3 2 4 6 1 5
110 3 4 6 2 1 5
114 3 2 1 6 4 5
119 3 4 6 2 1 5
127 3 2 4 6 5 1
128 3 2 6 4 5 1
130 3 2 6 4 1 5
138 3 2 4 5 6 1
143 3 2 5 4 6 1
149 3 4 1 5 2 6
153 3 4 6 5 1 2
156 3 4 1 5 2 6
159 3 6 4 5 2 1
160 3 4 2 5 6 1
161 3 2 4 5 6 1
162 3 4 1 5 2 6
163 3 4 6 2 1 5
164 3 4 6 1 2 5
165 3 4 1 5 2 6
166 3 4 6 5 1 2
168 3 4 6 2 1 5
169 3 4 1 5 2 6
170 3 4 6 2 1 5
171 3 4 1 5 2 6
173 3 1 2 5 6 4
182 3 4 6 5 1 2
191 3 4 1 6 2 5
193 3 1 5 2 4 6
194 3 4 6 1 5 2
196 3 6 4 1 5 2
205 3 2 4 6 5 1
4 3 1 5 4 6 117
7 3 1 5 4 6 117
8 3 6 1 5 4 117
10 3 2 1 6 5 117
11 3 2 1 6 5 117
21 3 1 5 6 4 117
30 3 5 2 4 6 117
35 3 4 2 1 6 117
36 3 5 1 4 6 117
51 3 2 5 1 6 117
54 3 1 6 2 5 117
55 3 2 6 1 5 117
57 3 4 1 5 6 117
65 3 2 1 4 5 117
68 3 6 5 1 2 117
72 3 4 5 1 6 117
83 3 2 6 1 5 117
98 3 4 6 1 5 117
99 3 6 2 1 5 117
101 3 6 2 1 5 117
102 3 2 1 6 5 117
108 3 4 2 5 1 117
120 3 5 4 2 1 117
131 3 4 2 6 5 117
144 3 4 2 6 5 117
150 3 2 6 1 5 117
151 3 2 6 1 5 117
152 3 2 6 1 5 117
158 3 1 6 5 2 117
183 3 4 2 5 1 117
202 3 4 6 1 5 117
203 3 4 6 1 5 117
204 3 1 4 6 5 117
167 3 5 1 2 117 117
177 3 2 5 1 117 117
197 3 1 5 2 117 117
