5 6 2 1 5 117 117
8 6 1 5 4 117 117
33 6 3 1 2 117 117
68 6 5 1 2 117 117
81 6 2 3 1 117 117
85 6 3 1 5 117 117
88 6 2 5 1 117 117
99 6 2 1 5 117 117
101 6 2 1 5 117 117
110 6 2 1 5 117 117
112 6 2 1 3 117 117
119 6 2 1 5 117 117
122 6 1 3 5 117 117
123 6 3 1 5 117 117
128 6 4 5 1 117 117
130 6 4 1 5 117 117
153 6 5 1 2 117 117
163 6 2 1 5 117 117
164 6 1 2 5 117 117
18 6 4 2 3 5 1
22 6 4 3 2 1 5
23 6 4 3 2 5 1
46 6 5 4 3 2 1
48 6 5 3 1 4 2
50 6 4 3 2 5 1
65 6 3 2 1 4 5
71 6 4 3 2 5 1
76 6 4 3 5 2 1
78 6 5 4 2 1 3
84 6 4 5 3 2 1
89 6 2 4 1 3 5
108 6 3 4 2 5 1
111 6 4 2 5 3 1
118 6 4 2 3 1 5
120 6 3 5 4 2 1
124 6 4 2 1 3 5
125 6 4 2 1 3 5
132 6 4 2 3 5 1
139 6 2 1 4 5 3
146 6 2 4 1 3 5
157 6 4 3 2 5 1
167 6 4 3 5 1 2
172 6 5 2 4 3 1
175 6 4 5 1 3 2
177 6 4 3 2 5 1
183 6 3 4 2 5 1
197 6 4 3 1 5 2
200 6 2 4 1 5 3
3 6 4 2 3 1 117
6 6 1 2 3 5 117
12 6 2 1 3 5 117
14 6 3 2 1 5 117
15 6 2 3 1 5 117
16 6 3 2 5 1 117
19 6 3 2 5 1 117
24 6 2 4 5 1 117
26 6 3 5 2 1 117
27 6 1 2 3 5 117
28 6 2 5 1 3 117
32 6 4 1 2 3 117
34 6 3 2 5 1 117
41 6 4 3 2 1 117
44 6 3 2 5 1 117
52 6 3 5 1 2 117
53 6 2 5 1 3 117
59 6 2 5 3 1 117
60 6 5 1 3 2 117
66 6 1 4 2 3 117
67 6 4 2 5 1 117
73 6 1 4 3 5 117
90 6 1 2 3 5 117
91 6 1 2 3 5 117
92 6 3 5 2 1 117
96 6 3 2 1 5 117
105 6 2 4 5 1 117
106 6 2 1 3 5 117
107 6 3 2 1 5 117
115 6 3 2 5 1 117
126 6 2 3 5 1 117
133 6 3 1 5 2 117
136 6 3 2 1 5 117
137 6 3 2 1 5 117
140 6 3 1 2 5 117
145 6 2 1 3 5 117
147 6 2 5 1 3 117
154 6 5 3 2 1 117
155 6 3 5 2 1 117
159 6 4 5 2 1 117
174 6 4 1 3 2 117
176 6 3 5 2 1 117
187 6 5 2 1 3 117
196 6 4 1 5 2 117
199 6 2 5 1 3 117
166 6 5 1 2 117 117
168 6 2 1 5 117 117
170 6 2 1 5 117 117
179 6 1 3 2 117 117
181 6 2 5 3 117 117
182 6 5 1 2 117 117
194 6 1 5 2 117 117
