3 2 3 1 117 117 117
31 6 1 3 117 117 117
32 1 2 3 117 117 117
35 2 1 6 117 117 117
41 3 2 1 117 117 117
42 2 1 6 117 117 117
46 3 2 1 117 117 117
48 1 4 2 117 117 117
49 1 5 6 117 117 117
50 2 5 1 117 117 117
52 5 1 2 117 117 117
57 1 5 6 117 117 117
58 3 6 1 117 117 117
61 6 1 5 117 117 117
63 6 5 1 117 117 117
67 2 5 1 117 117 117
69 2 6 5 117 117 117
71 2 5 1 117 117 117
72 5 1 6 117 117 117
74 2 6 5 117 117 117
76 5 2 1 117 117 117
77 4 6 2 117 117 117
78 2 1 3 117 117 117
79 2 6 5 117 117 117
80 6 1 5 117 117 117
82 6 5 1 117 117 117
89 1 3 5 117 117 117
92 5 2 1 117 117 117
96 2 1 5 117 117 117
97 6 1 5 117 117 117
98 6 1 5 117 117 117
100 6 1 5 117 117 117
107 2 1 5 117 117 117
108 2 1 5 117 117 117
109 6 1 5 117 117 117
113 1 5 6 117 117 117
115 2 5 1 117 117 117
117 3 5 6 117 117 117
127 6 5 1 117 117 117
129 6 2 1 117 117 117
131 2 6 5 117 117 117
133 1 5 2 117 117 117
135 3 6 1 117 117 117
136 2 1 5 117 117 117
137 2 1 5 117 117 117
138 5 6 1 117 117 117
140 1 2 5 117 117 117
144 2 6 5 117 117 117
146 1 3 5 117 117 117
148 6 5 1 117 117 117
150 6 1 5 117 117 117
151 6 1 5 117 117 117
152 6 1 5 117 117 117
155 5 2 1 117 117 117
157 2 5 1 117 117 117
159 5 2 1 117 117 117
160 5 6 1 117 117 117
161 5 6 1 117 117 117
172 4 3 1 117 117 117
173 5 6 4 117 117 117
174 1 3 2 117 117 117
176 5 2 1 117 117 117
178 6 4 1 117 117 117
180 6 3 2 117 117 117
183 2 5 1 117 117 117
184 4 3 2 117 117 117
185 2 4 6 117 117 117
188 1 3 5 117 117 117
190 3 5 1 117 117 117
192 4 3 2 117 117 117
195 6 1 2 117 117 117
196 1 5 2 117 117 117
198 3 1 2 117 117 117
199 5 1 3 117 117 117
200 1 5 3 117 117 117
201 6 5 3 117 117 117
202 6 1 5 117 117 117
203 6 1 5 117 117 117
205 6 5 1 117 117 117
163 1 5 117 117 117 117
168 1 5 117 117 117 117
170 1 5 117 117 117 117
177 5 1 117 117 117 117
181 5 3 117 117 117 117
186 1 3 117 117 117 117
191 2 5 117 117 117 117
