4 1 5 4 6 117 117
6 1 2 3 5 117 117
7 1 5 4 6 117 117
21 1 5 6 4 117 117
27 1 2 3 5 117 117
29 1 5 4 6 117 117
37 1 3 2 6 117 117
43 1 5 4 6 117 117
54 1 6 2 5 117 117
66 1 4 2 3 117 117
73 1 4 3 5 117 117
86 1 4 6 5 117 117
90 1 2 3 5 117 117
91 1 2 3 5 117 117
94 1 5 4 6 117 117
114 1 6 4 5 117 117
134 1 6 3 5 117 117
139 1 4 5 3 117 117
149 1 5 2 6 117 117
156 1 5 2 6 117 117
158 1 6 5 2 117 117
162 1 5 2 6 117 117
165 1 5 2 6 117 117
189 1 6 5 3 117 117
204 1 4 6 5 117 117
175 1 3 2 117 117 117
179 1 3 2 117 117 117
194 1 5 2 117 117 117
197 1 5 2 117 117 117
32 1 2 3 117 117 117
48 1 4 2 117 117 117
49 1 5 6 117 117 117
57 1 5 6 117 117 117
89 1 3 5 117 117 117
113 1 5 6 117 117 117
133 1 5 2 117 117 117
140 1 2 5 117 117 117
146 1 3 5 117 117 117
174 1 3 2 117 117 117
188 1 3 5 117 117 117
196 1 5 2 117 117 117
200 1 5 3 117 117 117
168 1 5 117 117 117 117
170 1 5 117 117 117 117
186 1 3 117 117 117 117
3 117 117 117 117 117 1
31 3 117 117 117 117 1
35 6 117 117 117 117 1
41 117 117 117 117 117 1
42 6 117 117 117 117 1
46 117 117 117 117 117 1
58 117 117 117 117 117 1
61 5 117 117 117 117 1
78 3 117 117 117 117 1
80 5 117 117 117 117 1
96 5 117 117 117 117 1
97 5 117 117 117 117 1
98 5 117 117 117 117 1
100 5 117 117 117 117 1
107 5 117 117 117 117 1
109 5 117 117 117 117 1
129 117 117 117 117 117 1
135 117 117 117 117 117 1
136 5 117 117 117 117 1
137 5 117 117 117 117 1
150 5 117 117 117 117 1
151 5 117 117 117 117 1
152 5 117 117 117 117 1
172 117 117 117 117 117 1
178 117 117 117 117 117 1
195 2 117 117 117 117 1
2 1 2 3 4 5 6
17 1 4 2 3 5 6
30 1 3 5 2 4 6
47 1 4 2 6 5 3
77 1 5 3 4 6 2
117 1 2 4 3 5 6
131 1 3 4 2 6 5
144 1 3 4 2 6 5
180 1 5 4 6 3 2
181 1 4 6 2 5 3
185 1 5 3 2 4 6
201 1 2 4 6 5 3
20 1 3 5 4 6 117
25 1 2 3 4 6 117
56 1 2 3 5 6 117
62 1 2 3 4 6 117
69 1 4 2 6 5 117
70 1 2 5 4 6 117
74 1 4 2 6 5 117
79 1 3 2 6 5 117
93 1 2 5 6 4 117
103 1 2 3 4 6 117
173 1 2 5 6 4 117
184 1 6 4 3 2 117
192 1 6 4 3 2 117
193 1 5 2 4 6 117
169 1 5 2 6 117 117
171 1 5 2 6 117 117
191 1 6 2 5 117 117
