4 2 3 1 5 4 6
7 2 3 1 5 4 6
8 2 3 6 1 5 4
13 2 5 3 6 1 4
20 2 1 3 5 4 6
21 2 3 1 5 6 4
36 2 3 5 1 4 6
39 2 5 3 1 4 6
40 2 5 3 4 1 6
57 2 3 4 1 5 6
58 2 5 4 3 6 1
63 2 4 3 6 5 1
72 2 3 4 5 1 6
73 2 6 1 4 3 5
85 2 4 6 3 1 5
97 2 4 3 6 1 5
98 2 3 4 6 1 5
100 2 4 3 6 1 5
134 2 4 1 6 3 5
135 2 5 4 3 6 1
186 2 4 5 6 1 3
202 2 3 4 6 1 5
203 2 3 4 6 1 5
204 2 3 1 4 6 5
2 2 3 4 5 6 11
29 2 1 5 4 6 13
31 2 4 6 1 3 15
43 2 1 5 4 6 13
45 2 3 6 5 1 14
49 2 4 1 5 6 13
61 2 4 6 1 5 13
75 2 5 6 1 3 14
80 2 4 6 1 5 13
82 2 3 6 5 1 14
86 2 1 4 6 5 13
89 2 4 1 3 5 16
94 2 1 6 4 5 13
109 2 4 6 1 5 13
113 2 3 1 5 6 14
114 2 1 6 4 5 13
117 2 4 3 5 6 11
122 2 6 1 3 5 14
123 2 6 3 1 5 14
127 2 4 6 5 1 13
128 2 6 4 5 1 13
130 2 6 4 1 5 13
138 2 4 5 6 1 13
139 2 1 4 5 3 16
141 2 6 5 1 3 14
142 2 6 5 1 3 14
143 2 5 4 6 1 13
146 2 4 1 3 5 16
148 2 3 6 5 1 14
161 2 4 5 6 1 13
178 2 3 6 4 1 15
188 2 6 1 3 5 14
189 2 1 6 5 3 14
190 2 6 3 5 1 14
200 2 4 1 5 3 16
201 2 4 6 5 3 11
205 2 4 6 5 1 13
9 2 6 1 5 13 14
10 2 1 6 5 14 13
11 2 1 6 5 14 13
12 2 1 3 5 14 16
15 2 3 1 5 14 16
17 2 3 5 6 11 14
18 2 3 5 1 16 14
24 2 4 5 1 13 16
25 2 3 4 6 15 11
28 2 5 1 3 14 16
47 2 6 5 3 11 14
51 2 5 1 6 14 13
53 2 5 1 3 14 16
55 2 6 1 5 14 13
56 2 3 5 6 14 11
59 2 5 3 1 14 16
62 2 3 4 6 15 11
64 2 5 1 6 13 14
65 2 1 4 5 16 13
70 2 5 4 6 13 11
83 2 6 1 5 14 13
87 2 1 6 5 13 14
93 2 5 6 4 13 11
95 2 6 5 1 13 14
102 2 1 6 5 14 13
103 2 3 4 6 15 11
104 2 4 1 6 13 15
105 2 4 5 1 13 16
106 2 1 3 5 14 16
111 2 5 3 1 16 14
116 2 6 1 3 14 15
118 2 3 1 5 16 14
121 2 1 6 3 15 14
124 2 1 3 5 16 14
125 2 1 3 5 16 14
126 2 3 5 1 14 16
132 2 3 5 1 16 14
145 2 1 3 5 14 16
147 2 5 1 3 14 16
150 2 6 1 5 14 13
151 2 6 1 5 14 13
152 2 6 1 5 14 13
160 2 5 6 1 13 14
172 2 4 3 1 16 15
173 2 5 6 4 13 11
199 2 5 1 0 14 16
3 2 3 1 15 16 117
35 2 1 6 15 13 117
42 2 1 6 13 15 117
67 2 5 1 13 16 117
69 2 6 5 13 11 117
74 2 6 5 13 11 117
78 2 1 3 16 15 117
108 2 5 1 16 13 117
131 2 6 5 11 13 117
136 2 1 5 14 16 117
137 2 1 5 14 16 117
144 2 6 5 11 13 117
157 2 5 1 16 14 117
