2 4 5 6 11 12 13
4 5 4 6 12 13 11
5 2 1 5 13 14 16
6 2 3 5 14 16 11
7 5 4 6 12 13 11
8 1 5 4 12 13 16
9 6 1 5 13 14 12
10 1 6 5 14 13 12
11 1 6 5 14 13 12
12 1 3 5 14 16 12
13 6 1 4 12 15 13
14 2 1 5 14 16 13
15 3 1 5 14 16 12
16 2 5 1 14 16 13
17 3 5 6 11 14 12
18 3 5 1 16 14 12
19 2 5 1 14 16 13
20 5 4 6 12 11 13
21 5 6 4 12 13 11
22 2 1 5 16 14 13
23 2 5 1 16 14 13
24 4 5 1 13 16 12
25 3 4 6 15 11 12
26 5 2 1 14 16 13
27 2 3 5 14 16 11
28 5 1 3 14 16 12
29 5 4 6 13 12 11
30 2 4 6 11 13 15
33 3 1 2 14 15 16
34 2 1 5 14 16 13
36 1 4 6 12 13 15
37 3 2 6 15 14 11
38 2 6 1 14 15 13
39 1 4 6 12 15 13
40 4 1 6 12 15 13
43 5 4 6 13 12 11
44 2 5 1 14 16 13
45 6 5 1 14 12 13
47 6 5 3 11 14 12
48 1 4 2 16 15 13
50 2 5 1 16 14 13
51 5 1 6 14 13 12
52 5 1 2 14 16 13
53 5 1 3 14 16 12
54 6 2 5 14 13 11
55 6 1 5 14 13 12
56 3 5 6 14 11 12
59 5 3 1 14 16 12
60 1 3 2 14 16 15
62 3 4 6 15 11 12
63 6 5 1 12 14 13
64 5 1 6 13 14 12
65 1 4 5 16 13 12
66 4 2 3 15 16 11
68 5 1 2 14 13 16
70 5 4 6 13 11 12
71 2 5 1 16 14 13
73 4 3 5 12 16 11
75 6 1 3 14 12 15
76 5 2 1 16 14 13
77 4 6 2 11 15 13
79 2 6 5 14 11 13
81 2 3 1 15 14 16
82 6 5 1 14 12 13
83 6 1 5 14 13 12
84 1 5 2 16 14 13
85 3 1 5 12 14 16
86 4 6 5 13 12 11
87 1 6 5 13 14 12
88 2 5 1 13 14 16
90 2 3 5 14 16 11
91 2 3 5 14 16 11
92 5 2 1 14 16 13
93 5 6 4 13 11 12
94 6 4 5 13 12 11
95 6 5 1 13 14 12
96 2 1 5 14 16 13
97 6 1 5 12 14 13
99 2 1 5 14 13 16
100 6 1 5 12 14 13
101 2 1 5 14 13 16
102 1 6 5 14 13 12
103 3 4 6 15 11 12
104 4 1 6 13 15 12
105 4 5 1 13 16 12
106 1 3 5 14 16 12
107 2 1 5 14 16 13
110 2 1 5 13 14 16
111 5 3 1 16 14 12
112 2 1 3 15 14 16
113 1 5 6 14 12 13
114 6 4 5 13 12 11
115 2 5 1 14 16 13
116 6 1 3 14 15 12
118 3 1 5 16 14 12
119 2 1 5 13 14 16
120 4 1 2 16 13 15
121 1 6 3 15 14 12
122 1 3 5 14 12 16
123 3 1 5 14 12 16
124 1 3 5 16 14 12
125 1 3 5 16 14 12
126 3 5 1 14 16 12
128 4 5 1 13 12 16
129 6 2 1 14 15 13
130 4 1 5 13 12 16
132 3 5 1 16 14 12
134 6 3 5 12 14 11
139 4 5 3 16 12 11
141 5 1 3 14 12 16
142 5 1 3 14 12 16
143 4 6 1 13 12 15
145 1 3 5 14 16 12
147 5 1 3 14 16 12
149 5 2 6 13 14 11
150 6 1 5 14 13 12
151 6 1 5 14 13 12
152 6 1 5 14 13 12
153 5 1 2 13 14 16
154 3 2 1 14 16 15
156 5 2 6 13 14 11
158 6 5 2 14 13 11
160 5 6 1 13 14 12
162 5 2 6 13 14 11
163 2 1 5 13 14 16
164 1 2 5 13 14 16
165 5 2 6 13 14 11
166 5 1 2 13 14 16
168 2 1 5 13 14 16
169 5 2 6 13 14 11
170 2 1 5 13 14 16
171 5 2 6 13 14 11
172 4 3 1 16 15 12
173 5 6 4 13 11 12
175 1 3 2 16 14 15
179 1 3 2 15 14 16
181 2 5 3 11 14 16
182 5 1 2 13 14 16
184 4 3 2 15 11 16
186 6 1 3 12 14 15
187 2 1 3 14 16 15
188 1 3 5 14 12 16
189 6 5 3 14 12 11
190 3 5 1 14 12 16
192 4 3 2 15 11 16
193 2 4 6 13 11 15
198 3 1 2 14 15 16
199 5 1 0 14 16 12
204 4 6 5 12 13 11
191 2 5 13 117 11 16
194 5 2 13 117 16 11
197 5 2 16 117 13 11
3 3 1 15 16 117 12
31 1 3 15 12 117 16
32 2 3 15 16 117 11
35 1 6 15 13 117 12
42 1 6 13 15 117 12
49 5 6 13 12 117 11
57 5 6 12 13 117 11
61 1 5 13 12 117 16
67 5 1 13 16 117 12
69 6 5 13 11 117 12
72 1 6 12 13 117 15
74 6 5 13 11 117 12
78 1 3 16 15 117 12
80 1 5 13 12 117 16
89 3 5 16 12 117 11
98 1 5 12 13 117 16
108 5 1 16 13 117 12
109 1 5 13 12 117 16
127 5 1 13 12 117 16
131 6 5 11 13 117 12
133 5 2 14 16 117 11
136 1 5 14 16 117 12
137 1 5 14 16 117 12
138 6 1 13 12 117 15
140 2 5 14 16 117 11
144 6 5 11 13 117 12
146 3 5 16 12 117 11
148 5 1 14 12 117 16
155 2 1 14 16 117 15
157 5 1 16 14 117 12
159 2 1 13 16 117 15
161 6 1 13 12 117 15
167 1 2 16 14 117 15
174 3 2 15 16 117 11
176 2 1 14 16 117 15
178 4 1 15 12 117 16
180 3 2 11 15 117 16
195 1 2 14 15 117 16
196 5 2 13 16 117 11
200 5 3 16 12 117 11
201 5 3 11 12 117 16
202 1 5 12 13 117 16
41 2 1 15 16 117 117