3 5 6 4 2 3 1
25 5 1 2 3 4 6
31 5 2 4 6 1 3
32 5 6 4 1 2 3
35 5 3 4 2 1 6
37 5 4 1 3 2 6
41 5 6 4 3 2 1
62 5 1 2 3 4 6
66 5 6 1 4 2 3
81 5 4 6 2 3 1
103 5 1 2 3 4 6
112 5 4 6 2 1 3
121 5 4 2 1 6 3
174 5 6 4 1 3 2
178 5 2 3 6 4 1
179 5 4 6 1 3 2
184 5 1 6 4 3 2
192 5 1 6 4 3 2
13 5 3 6 1 4 12
33 5 6 3 1 2 14
38 5 3 2 6 1 14
39 5 3 1 4 6 12
40 5 3 4 1 6 12
42 5 4 2 1 6 13
46 5 4 3 2 1 16
48 5 3 1 4 2 16
58 5 4 3 6 1 12
77 5 3 4 6 2 11
78 5 4 2 1 3 16
104 5 2 4 1 6 13
116 5 2 6 1 3 14
129 5 3 6 2 1 14
135 5 4 3 6 1 12
172 5 2 4 3 1 16
180 5 4 6 3 2 11
185 5 3 2 4 6 11
195 5 3 6 1 2 14
198 5 6 3 1 2 14
30 5 2 4 6 11 13
36 5 1 4 6 12 13
60 5 1 3 2 14 16
75 5 6 1 3 14 12
120 5 4 1 2 16 13
143 5 4 6 1 13 12
154 5 3 2 1 14 16
175 5 1 3 2 16 14
186 5 6 1 3 12 14
187 5 2 1 3 14 16
193 5 2 4 6 13 11
72 5 1 6 12 13 117
138 5 6 1 13 12 117
155 5 2 1 14 16 117
159 5 2 1 13 16 117
161 5 6 1 13 12 117
167 5 1 2 16 14 117
176 5 2 1 14 16 117
