6 4 6 1 2 3 5
10 4 3 2 1 6 5
11 4 3 2 1 6 5
12 4 6 2 1 3 5
14 4 6 3 2 1 5
15 4 6 2 3 1 5
16 4 6 3 2 5 1
19 4 6 3 2 5 1
26 4 6 3 5 2 1
27 4 6 1 2 3 5
28 4 6 2 5 1 3
33 4 5 6 3 1 2
34 4 6 3 2 1 5
38 4 5 3 2 6 1
44 4 6 3 2 5 1
45 4 2 3 6 5 1
51 4 3 2 5 1 6
52 4 6 3 5 1 2
53 4 6 2 5 1 3
54 4 3 1 6 2 5
55 4 3 2 6 1 5
56 4 1 2 3 5 6
59 4 6 2 5 3 1
60 4 6 5 1 3 2
68 4 3 6 5 1 2
75 4 2 5 6 1 3
79 4 1 3 2 6 5
82 4 2 3 6 5 1
83 4 3 2 6 1 5
90 4 6 1 2 3 5
91 4 6 1 2 3 5
92 4 6 3 5 2 1
96 4 6 3 2 1 5
99 4 3 6 2 1 5
101 4 3 6 2 1 5
102 4 3 2 1 6 5
106 4 6 2 1 3 5
107 4 6 3 2 1 5
113 4 2 3 1 5 6
115 4 6 3 2 5 1
116 4 5 2 6 1 3
122 4 2 6 1 3 5
123 4 2 6 3 1 5
126 4 6 2 3 5 1
129 4 5 3 6 2 1
133 4 6 3 1 5 2
136 4 6 3 2 1 5
137 4 6 3 2 1 5
140 4 6 3 1 2 5
141 4 2 6 5 1 3
142 4 2 6 5 1 3
145 4 6 2 1 3 5
147 4 6 2 5 1 3
148 4 2 3 6 5 1
150 4 3 2 6 1 5
151 4 3 2 6 1 5
152 4 3 2 6 1 5
154 4 6 5 3 2 1
155 4 6 3 5 2 1
158 4 3 1 6 5 2
176 4 6 3 5 2 1
187 4 6 5 2 1 3
188 4 2 6 1 3 5
189 4 2 1 6 5 3
190 4 2 6 3 5 1
195 4 5 3 6 1 2
198 4 5 6 3 1 2
199 4 6 2 5 1 0
5 4 6 2 1 5 13
9 4 2 6 1 5 13
17 4 2 3 5 6 11
18 4 2 3 5 1 16
22 4 3 2 1 5 16
23 4 3 2 5 1 16
37 4 1 3 2 6 15
47 4 2 6 5 3 11
50 4 3 2 5 1 16
63 4 3 6 5 1 12
64 4 2 5 1 6 13
71 4 3 2 5 1 16
76 4 3 5 2 1 16
81 4 6 2 3 1 15
84 4 3 1 5 2 16
85 4 6 3 1 5 12
87 4 2 1 6 5 13
88 4 6 2 5 1 13
95 4 2 6 5 1 13
97 4 3 6 1 5 12
100 4 3 6 1 5 12
110 4 6 2 1 5 13
111 4 2 5 3 1 16
112 4 6 2 1 3 15
118 4 2 3 1 5 16
119 4 6 2 1 5 13
121 4 2 1 6 3 15
124 4 2 1 3 5 16
125 4 2 1 3 5 16
132 4 2 3 5 1 16
134 4 1 6 3 5 12
149 4 1 5 2 6 13
153 4 6 5 1 2 13
156 4 1 5 2 6 13
157 4 3 2 5 1 16
160 4 2 5 6 1 13
162 4 1 5 2 6 13
163 4 6 2 1 5 13
164 4 6 1 2 5 13
165 4 1 5 2 6 13
166 4 6 5 1 2 13
167 4 3 5 1 2 16
168 4 6 2 1 5 13
169 4 1 5 2 6 13
170 4 6 2 1 5 13
171 4 1 5 2 6 13
175 4 5 1 3 2 16
177 4 3 2 5 1 16
179 4 6 1 3 2 15
181 4 6 2 5 3 11
182 4 6 5 1 2 13
186 4 5 6 1 3 12
