5 3 4 6 2 1 5
9 3 4 2 6 1 5
24 3 6 2 4 5 1
29 3 2 1 5 4 6
42 3 5 4 2 1 6
43 3 2 1 5 4 6
49 3 2 4 1 5 6
61 3 2 4 6 1 5
64 3 4 2 5 1 6
67 3 6 4 2 5 1
69 3 1 4 2 6 5
70 3 1 2 5 4 6
74 3 1 4 2 6 5
80 3 2 4 6 1 5
86 3 2 1 4 6 5
87 3 4 2 1 6 5
88 3 4 6 2 5 1
93 3 1 2 5 6 4
94 3 2 1 6 4 5
95 3 4 2 6 5 1
104 3 5 2 4 1 6
105 3 6 2 4 5 1
109 3 2 4 6 1 5
110 3 4 6 2 1 5
114 3 2 1 6 4 5
119 3 4 6 2 1 5
127 3 2 4 6 5 1
128 3 2 6 4 5 1
130 3 2 6 4 1 5
138 3 2 4 5 6 1
143 3 2 5 4 6 1
149 3 4 1 5 2 6
153 3 4 6 5 1 2
156 3 4 1 5 2 6
159 3 6 4 5 2 1
160 3 4 2 5 6 1
161 3 2 4 5 6 1
162 3 4 1 5 2 6
163 3 4 6 2 1 5
164 3 4 6 1 2 5
165 3 4 1 5 2 6
166 3 4 6 5 1 2
168 3 4 6 2 1 5
169 3 4 1 5 2 6
170 3 4 6 2 1 5
171 3 4 1 5 2 6
173 3 1 2 5 6 4
182 3 4 6 5 1 2
191 3 4 1 6 2 5
193 3 1 5 2 4 6
194 3 4 6 1 5 2
196 3 6 4 1 5 2
205 3 2 4 6 5 1
4 3 1 5 4 6 12
7 3 1 5 4 6 12
8 3 6 1 5 4 12
10 3 2 1 6 5 14
11 3 2 1 6 5 14
21 3 1 5 6 4 12
30 3 5 2 4 6 11
35 3 4 2 1 6 15
36 3 5 1 4 6 12
51 3 2 5 1 6 14
54 3 1 6 2 5 14
55 3 2 6 1 5 14
57 3 4 1 5 6 12
65 3 2 1 4 5 16
68 3 6 5 1 2 14
72 3 4 5 1 6 12
83 3 2 6 1 5 14
98 3 4 6 1 5 12
99 3 6 2 1 5 14
101 3 6 2 1 5 14
102 3 2 1 6 5 14
108 3 4 2 5 1 16
120 3 5 4 1 2 16
131 3 4 2 6 5 11
144 3 4 2 6 5 11
150 3 2 6 1 5 14
151 3 2 6 1 5 14
152 3 2 6 1 5 14
158 3 1 6 5 2 14
183 3 4 2 5 1 16
202 3 4 6 1 5 12
203 3 4 6 1 5 12
204 3 1 4 6 5 12
197 3 1 5 2 16 117
2 3 4 5 6 11 12
13 3 6 1 4 12 15
14 3 2 1 5 14 16
16 3 2 5 1 14 16
19 3 2 5 1 14 16
20 3 5 4 6 12 11
22 3 2 1 5 16 14
23 3 2 5 1 16 14
26 3 5 2 1 14 16
34 3 2 1 5 14 16
38 3 2 6 1 14 15
39 3 1 4 6 12 15
40 3 4 1 6 12 15
44 3 2 5 1 14 16
45 3 6 5 1 14 12
48 3 1 4 2 16 15
50 3 2 5 1 16 14
52 3 5 1 2 14 16
63 3 6 5 1 12 14
71 3 2 5 1 16 14
76 3 5 2 1 16 14
77 3 4 6 2 11 15
79 3 2 6 5 14 11
82 3 6 5 1 14 12
84 3 1 5 2 16 14
92 3 5 2 1 14 16
96 3 2 1 5 14 16
97 3 6 1 5 12 14
100 3 6 1 5 12 14
107 3 2 1 5 14 16
113 3 1 5 6 14 12
115 3 2 5 1 14 16
129 3 6 2 1 14 15
