18 6 4 2 3 5 1
22 6 4 3 2 1 5
23 6 4 3 2 5 1
46 6 5 4 3 2 1
48 6 5 3 1 4 2
50 6 4 3 2 5 1
65 6 3 2 1 4 5
71 6 4 3 2 5 1
76 6 4 3 5 2 1
78 6 5 4 2 1 3
84 6 4 3 1 5 2
89 6 2 4 1 3 5
108 6 3 4 2 5 1
111 6 4 2 5 3 1
118 6 4 2 3 1 5
120 6 3 5 4 1 2
124 6 4 2 1 3 5
125 6 4 2 1 3 5
132 6 4 2 3 5 1
139 6 2 1 4 5 3
146 6 2 4 1 3 5
157 6 4 3 2 5 1
167 6 4 3 5 1 2
172 6 5 2 4 3 1
175 6 4 5 1 3 2
177 6 4 3 2 5 1
183 6 3 4 2 5 1
197 6 4 3 1 5 2
200 6 2 4 1 5 3
3 6 4 2 3 1 15
6 6 1 2 3 5 14
12 6 2 1 3 5 14
14 6 3 2 1 5 14
15 6 2 3 1 5 14
16 6 3 2 5 1 14
19 6 3 2 5 1 14
24 6 2 4 5 1 13
26 6 3 5 2 1 14
27 6 1 2 3 5 14
28 6 2 5 1 3 14
32 6 4 1 2 3 15
34 6 3 2 1 5 14
41 6 4 3 2 1 15
44 6 3 2 5 1 14
52 6 3 5 1 2 14
53 6 2 5 1 3 14
59 6 2 5 3 1 14
60 6 5 1 3 2 14
66 6 1 4 2 3 15
67 6 4 2 5 1 13
73 6 1 4 3 5 12
90 6 1 2 3 5 14
91 6 1 2 3 5 14
92 6 3 5 2 1 14
96 6 3 2 1 5 14
105 6 2 4 5 1 13
106 6 2 1 3 5 14
107 6 3 2 1 5 14
115 6 3 2 5 1 14
126 6 2 3 5 1 14
133 6 3 1 5 2 14
136 6 3 2 1 5 14
137 6 3 2 1 5 14
140 6 3 1 2 5 14
145 6 2 1 3 5 14
147 6 2 5 1 3 14
154 6 5 3 2 1 14
155 6 3 5 2 1 14
159 6 4 5 2 1 13
174 6 4 1 3 2 15
176 6 3 5 2 1 14
187 6 5 2 1 3 14
196 6 4 1 5 2 13
199 6 2 5 1 0 14
194 6 1 5 2 13 117
5 6 2 1 5 13 14
8 6 1 5 4 12 13
33 6 3 1 2 14 15
68 6 5 1 2 14 13
81 6 2 3 1 15 14
85 6 3 1 5 12 14
88 6 2 5 1 13 14
99 6 2 1 5 14 13
101 6 2 1 5 14 13
110 6 2 1 5 13 14
112 6 2 1 3 15 14
119 6 2 1 5 13 14
122 6 1 3 5 14 12
123 6 3 1 5 14 12
128 6 4 5 1 13 12
130 6 4 1 5 13 12
141 6 5 1 3 14 12
142 6 5 1 3 14 12
153 6 5 1 2 13 14
163 6 2 1 5 13 14
164 6 1 2 5 13 14
166 6 5 1 2 13 14
168 6 2 1 5 13 14
170 6 2 1 5 13 14
179 6 1 3 2 15 14
181 6 2 5 3 11 14
182 6 5 1 2 13 14
184 6 4 3 2 15 11
188 6 1 3 5 14 12
190 6 3 5 1 14 12
192 6 4 3 2 15 11
198 6 3 1 2 14 15
191 6 2 5 13 117 11
31 6 1 3 15 12 117
61 6 1 5 13 12 117
80 6 1 5 13 12 117
98 6 1 5 12 13 117
109 6 1 5 13 12 117
127 6 5 1 13 12 117
148 6 5 1 14 12 117
178 6 4 1 15 12 117
180 6 3 2 11 15 117
195 6 1 2 14 15 117
201 6 5 3 11 12 117
202 6 1 5 12 13 117
