3 2 3 1 15 16 117
31 6 1 3 15 12 117
32 1 2 3 15 16 117
35 2 1 6 15 13 117
41 3 2 1 15 16 117
42 2 1 6 13 15 117
46 3 2 1 16 15 117
49 1 5 6 13 12 117
57 1 5 6 12 13 117
58 3 6 1 12 15 117
61 6 1 5 13 12 117
67 2 5 1 13 16 117
69 2 6 5 13 11 117
72 5 1 6 12 13 117
74 2 6 5 13 11 117
78 2 1 3 16 15 117
80 6 1 5 13 12 117
89 1 3 5 16 12 117
98 6 1 5 12 13 117
108 2 5 1 16 13 117
109 6 1 5 13 12 117
117 3 5 6 11 12 117
127 6 5 1 13 12 117
131 2 6 5 11 13 117
133 1 5 2 14 16 117
135 3 6 1 12 15 117
136 2 1 5 14 16 117
137 2 1 5 14 16 117
138 5 6 1 13 12 117
140 1 2 5 14 16 117
144 2 6 5 11 13 117
146 1 3 5 16 12 117
148 6 5 1 14 12 117
155 5 2 1 14 16 117
157 2 5 1 16 14 117
159 5 2 1 13 16 117
161 5 6 1 13 12 117
167 5 1 2 16 14 117
174 1 3 2 15 16 117
176 5 2 1 14 16 117
177 2 5 1 16 14 117
178 6 4 1 15 12 117
180 6 3 2 11 15 117
183 2 5 1 16 13 117
185 2 4 6 11 15 117
195 6 1 2 14 15 117
196 1 5 2 13 16 117
200 1 5 3 16 12 117
201 6 5 3 11 12 117
202 6 1 5 12 13 117
203 6 1 5 12 13 117
205 6 5 1 13 12 117
