3 3 1 117 117 117 117
35 1 6 117 117 117 117
38 6 1 117 117 117 117
40 1 6 117 117 117 117
41 2 1 117 117 117 117
42 1 6 117 117 117 117
44 5 1 117 117 117 117
46 2 1 117 117 117 117
50 5 1 117 117 117 117
58 6 1 117 117 117 117
67 5 1 117 117 117 117
69 6 5 117 117 117 117
71 5 1 117 117 117 117
74 6 5 117 117 117 117
77 6 2 117 117 117 117
78 1 3 117 117 117 117
79 6 5 117 117 117 117
96 1 5 117 117 117 117
107 1 5 117 117 117 117
108 1 5 117 117 117 117
115 5 1 117 117 117 117
117 5 6 117 117 117 117
126 5 1 117 117 117 117
131 6 5 117 117 117 117
132 5 1 117 117 117 117
135 6 1 117 117 117 117
136 1 5 117 117 117 117
137 1 5 117 117 117 117
142 1 5 117 117 117 117
144 6 5 117 117 117 117
148 5 1 117 117 117 117
150 1 5 117 117 117 117
151 1 5 117 117 117 117
152 1 5 117 117 117 117
172 3 1 117 117 117 117
178 4 1 117 117 117 117
180 3 2 117 117 117 117
183 5 1 117 117 117 117
185 4 6 117 117 117 117
195 1 2 117 117 117 117
201 5 3 117 117 117 117
202 1 5 117 117 117 117
203 1 5 117 117 117 117
205 5 1 117 117 117 117
