2 1 2 3 4 5 6
17 1 4 2 3 5 6
30 1 3 5 2 4 6
47 1 4 2 6 5 3
77 1 5 3 4 6 2
117 1 2 4 3 5 6
131 1 3 4 2 6 5
144 1 3 4 2 6 5
180 1 5 4 6 3 2
181 1 4 6 2 5 3
185 1 5 3 2 4 6
201 1 2 4 6 5 3
20 1 3 5 4 6 12
25 1 2 3 4 6 15
56 1 2 3 5 6 14
62 1 2 3 4 6 15
69 1 4 2 6 5 13
70 1 2 5 4 6 13
74 1 4 2 6 5 13
79 1 3 2 6 5 14
93 1 2 5 6 4 13
103 1 2 3 4 6 15
173 1 2 5 6 4 13
184 1 6 4 3 2 15
192 1 6 4 3 2 15
193 1 5 2 4 6 13
191 1 6 2 5 13 117
4 1 5 4 6 12 13
6 1 2 3 5 14 16
7 1 5 4 6 12 13
21 1 5 6 4 12 13
27 1 2 3 5 14 16
29 1 5 4 6 13 12
37 1 3 2 6 15 14
43 1 5 4 6 13 12
54 1 6 2 5 14 13
66 1 4 2 3 15 16
73 1 4 3 5 12 16
86 1 4 6 5 13 12
90 1 2 3 5 14 16
91 1 2 3 5 14 16
94 1 6 4 5 13 12
114 1 6 4 5 13 12
134 1 6 3 5 12 14
139 1 4 5 3 16 12
149 1 5 2 6 13 14
156 1 5 2 6 13 14
158 1 6 5 2 14 13
162 1 5 2 6 13 14
165 1 5 2 6 13 14
169 1 5 2 6 13 14
171 1 5 2 6 13 14
189 1 6 5 3 14 12
204 1 4 6 5 12 13
194 1 5 2 13 117 16
197 1 5 2 16 117 13
32 1 2 3 15 16 117
49 1 5 6 13 12 117
57 1 5 6 12 13 117
89 1 3 5 16 12 117
133 1 5 2 14 16 117
140 1 2 5 14 16 117
146 1 3 5 16 12 117
174 1 3 2 15 16 117
196 1 5 2 13 16 117
200 1 5 3 16 12 117
41 1 15 16 117 117 2
