 2  1  2  3  4  5  6 
 3  5  6  4  2  3 
 4  2  3  1  5  4  6 
 5  3  4  6  2  1  5 
 6  4  6  1  2  3  5 
 7  2  3  1  5  4  6 
 8  2  3  6  1  5  4 
 9  3  4  2  6  1  5 
 10  4  3  2  1  6  5 
 11  4  3  2  1  6  5 
 12  4  6  2  1  3  5 
 13  2  5  3  6  117  117 
 14  4  6  3  2  1  5 
 15  4  6  2  3  1  5 
 16  4  6  3  2  5  1 
 17  1  4  2  3  5  6 
 18  6  4  2  3  5  1 
 19  4  6  3  2  5  1 
 20  2  1  3  5  4  6 
 21  2  3  1  117  5  6 
 22  6  4  3  2  1  5 
 23  6  4  3  2  5  1 
 24  3  6  2  4  5  1 
 25  5  1  2  3  4  6 
 26  4  6  3  5  2  1 
 27  4  6  1  2  3  5 
 28  4  6  2  5  1  3 
 29  3  2  1  5  4  6 
 30  1  3  5  2  4  6 
 31  5  2  4  6  1  3 
 32  5  6  4  1  2  3 
 33  4  5  6  3  1  2 
 34  4  6  3  2  117  117 
 35  5  3  4  2  1  6 
 36  2  3  5  1  4  6 
 37  5  4  1  3  2  117 
 38  4  5  3  2  6  1 
 39  2  5  3  1  4  6 
 40  2  5  3  4  1  6 
 41  5  6  4  3  2  1 
 42  3  5  4  2  1  6 
 43  3  2  1  5  4  6 
 44  4  6  3  2  5  1 
 45  4  2  3  6  5  1 
 46  6  5  4  3  2  1 
 47  1  4  2  6  5  3 
 48  6  5  3  1  4  2 
 49  3  2  4  1  5  6 
 50  6  4  3  2  5  1 
 51  4  3  2  5  1  6 
 52  4  6  3  5  1  2 
 53  4  6  2  5  1  3 
 54  4  3  1  6  2  5 
 55  4  3  2  6  1  5 
 56  4  1  2  3  5  6 
 57  2  3  4  1  5  6 
 58  2  5  4  3  6  1 
 59  4  6  2  5  3  1 
 60  4  6  5  1  3  2 
 61  3  2  4  6  1  5 
 62  5  1  2  3  4  6 
 63  2  4  3  6  5  1 
 64  3  4  2  5  1  6 
 65  6  3  2  1  4  5 
 66  5  6  1  4  2  3 
 67  3  6  4  2  5  1 
 68  4  3  6  5  1  2 
 69  3  1  4  2  6  5 
 70  3  1  2  5  4  6 
 71  6  4  3  2  5  1 
 72  2  3  4  5  1  6 
 73  2  6  1  4  3  5 
 74  3  1  4  2  6  5 
 75  4  2  5  6  1  3 
 76  6  4  3  5  2  1 
 77  1  5  3  4  117  6 
 78  6  5  4  2  1  3 
 79  4  1  3  2  6  5 
 80  3  2  4  6  1  5 
 81  5  4  6  2  3  1 
 82  4  2  3  6  5  1 
 83  4  3  2  117  6  1 
 84  6  4  117  117  117  117 
 85  2  4  6  3  1  5 
 86  3  2  1  4  6  5 
 87  3  4  2  1  6  5 
 88  3  4  6  2  5  1 
 89  6  2  4  1  3  5 
 90  4  6  1  2  3  5 
 91  4  6  1  2  3  5 
 92  4  6  3  5  2  1 
 93  3  1  2  5  6  4 
 94  3  2  1  117  117  117 
 95  3  117  4  117  2  117 
 96  4  6  3  2  1  5 
 97  2  4  3  6  1  5 
 98  2  3  4  6  1  5 
 99  4  3  6  2  1  5 
 100  2  4  3  6  1  5 
 101  4  3  6  2  1  5 
 102  4  3  2  1  6  5 
 103  5  1  2  3  4  6 
 104  3  5  2  4  1  6 
 105  3  6  2  4  5  1 
 106  4  6  2  1  3  5 
 107  4  6  3  2  1  5 
 108  117  6  3  4  2  117 
 109  3  2  4  6  1  5 
 110  3  4  6  2  1  5 
 111  6  4  2  5  3  1 
 112  5  4  6  2  1  3 
 113  4  2  3  1  5  6 
 114  3  2  1  6  4  5 
 115  4  6  3  2  5  1 
 116  4  5  2  6  1  3 
 117  1  2  4  3  5  6 
 118  6  4  2  3  1  5 
 119  3  4  6  2  1  5 
 120  6  3  5  4  117  117 
 121  5  4  2  1  6  3 
 122  4  2  6  1  3  5 
 123  4  2  6  3  1  5 
 124  6  4  2  1  3  5 
 125  6  4  2  1  3  5 
 126  4  6  2  3  5  1 
 127  3  2  4  6  5  1 
 128  3  2  6  4  5  1 
 129  4  5  3  6  2  1 
 130  3  2  6  4  1  5 
 131  1  3  4  2  6  5 
 132  6  4  2  3  5  1 
 133  4  6  3  1  5  2 
 134  2  4  1  6  3  5 
 135  2  5  4  3  6  1 
 136  4  6  3  2  1  5 
 137  4  6  3  2  1  5 
 138  3  2  4  5  6  1 
 139  6  2  1  4  5  3 
 140  4  6  3  1  2  5 
 141  4  2  117  117  117  117 
 142  4  2  117  117  117  117 
 143  3  2  5  4  6  1 
 144  1  3  4  2  6  5 
 145  4  6  2  1  3  5 
 146  6  2  4  1  3  5 
 147  4  6  2  5  1  3 
 148  4  2  3  6  5  1 
 149  3  4  1  5  2  6 
 150  4  3  2  6  1  5 
 151  4  3  2  6  1  5 
 152  4  3  2  6  1  5 
 153  3  4  6  5  1  2 
 154  4  6  5  3  2  1 
 155  4  6  3  5  2  1 
 156  3  4  1  5  2  6 
 157  6  4  3  2  5  117 
 158  4  3  1  6  5  2 
 159  3  6  4  5  2  1 
 160  3  4  2  5  6  1 
 161  3  2  4  5  6  1 
 162  3  4  1  5  2  6 
 163  3  4  6  2  1  5 
 164  3  4  6  1  2  5 
 165  3  4  1  5  2  6 
 166  3  4  6  5  1  2 
 167  6  4  3  5  1  2 
 168  3  4  6  2  1  5 
 169  3  4  1  5  2  6 
 170  3  4  6  2  1  5 
 171  3  4  1  5  2  6 
 172  6  5  2  4  3  1 
 173  3  1  2  5  6  4 
 174  5  6  4  1  3  2 
 175  6  4  5  1  3  2 
 176  4  6  3  5  2  1 
 177  6  4  3  2  5  1 
 178  5  2  3  6  4  1 
 179  5  4  6  1  3  2 
 180  1  5  4  6  3  2 
 181  1  4  6  2  5  3 
 182  3  4  6  5  1  2 
 183  6  3  4  2  5  1 
 184  5  1  6  4  3  2 
 185  1  5  3  2  4  6 
 186  2  4  5  6  1  3 
 187  4  6  5  2  1  3 
 188  4  2  6  1  3  5 
 189  4  2  1  6  5  3 
 190  4  2  6  3  5  1 
 191  3  4  1  6  117  2 
 192  5  1  6  4  3  2 
 193  3  1  5  2  4  6 
 194  3  4  6  1  5  2 
 195  4  5  3  6  1  2 
 196  3  6  4  1  5  2 
 197  6  4  3  1  5  2 
 198  4  5  6  3  1  2 
 199  4  6  2  5  1  200  6  2  4  1  5  3 
 201  1  2  4  6  5  3 
 202  2  3  4  6  1  5 
 203  2  3  4  6  1  5 
 204  2  3  1  4  6  5 
 205  3  2  4  6  5  1 
